156615
749706
784336
305364
361978
663508
437337
276789
776557
322267
470736
745801
781417
021524
428521
275878
863251
604661
549821
163896
513065
033343
241373
697782
052926
417116
148506
123602
780438
646905
230694
769227
302119
179699
528130
594556
416962
670286
973566
591604
500066
228917
676972
355892
227750
904394
740963
694605
578611
106651
564691
157542
279128
661541
861037
404034
700000
262259
369597
192375
973237
296543
688611
998978
622383
776028
025760
485032
093425
444268
461367
425675
073697
744586
642780
869995
582685
370150
628408
666301
587021
568591
550080
329906
777836
996294
100834
991794
870399
418727
890711
151885
765918
302034
440261
342302
191205
904247
002681
478548
321055
943222
918016
184519
550968
947262
390404
118791
478402
455448
823134
159166
533077
459854
080323
782644
371271
520758
555402
564782
164885
666903
301995
404654
448503
007344
346752
703307
102117
143229
572726
010393
364298
994322
019154
358159
767990
921921
612622
738126
887534
745568
093915
000616
458977
550102
735139
308368
703361
969624
746586
673151
393797
357773
154115
099619
853270
419568
667586
547229
071389
689904
703564
560404
095888
785865
236464
022088
790457
705679
935820
739487
819025
281619
894794
740487
829230
055674
151076
304895
560651
025991
169232
528479
689366
588868
820924
371214
463446
414844
671554
935894
903470
823414
372854
319961
369130
829185
251083
124615
118646
953001
165695
277041
203389
890862
689025
164729
392612
814007
797286
485397
191477
702800
271612
995216
116123
256966
192371
389939
303427
513051
486769
726686
998525
711727
563573
823272
883728
455610
124877
192521
043744
207035
914264
946670
214148
875586
127862
345321
626449
075216
844302
424070
704259
875222
109143
847657
318283
271446
265354
559950
123308
594184
693019
524913
453782
039100
962563
330144
665228
951097
571422
213278
074872
371362
082683
160645
644279
908796
316752
242100
991651
491564
373893
164299
921442
844650
112559
873262
844849
818580
797292
413993
742227
166844
280963
324205
200619
096450
258467
364010
198652
585255
032673
517105
970692
998346
715820
568246
